0.000000000000000000e+00
0.000000000000000000e+00
0.000000000000000000e+00
0.000000000000000000e+00
0.000000000000000000e+00
0.000000000000000000e+00
0.000000000000000000e+00
0.000000000000000000e+00
0.000000000000000000e+00
0.000000000000000000e+00
0.000000000000000000e+00
1.000000000000000000e+00
2.000000000000000000e+00
5.000000000000000000e+00
1.100000000000000000e+01
2.100000000000000000e+01
3.900000000000000000e+01
6.700000000000000000e+01
1.080000000000000000e+02
1.620000000000000000e+02
2.280000000000000000e+02
3.030000000000000000e+02
3.770000000000000000e+02
4.410000000000000000e+02
4.840000000000000000e+02
5.000000000000000000e+02
4.840000000000000000e+02
4.410000000000000000e+02
3.770000000000000000e+02
3.030000000000000000e+02
2.280000000000000000e+02
1.620000000000000000e+02
1.080000000000000000e+02
6.700000000000000000e+01
3.900000000000000000e+01
2.100000000000000000e+01
1.100000000000000000e+01
5.000000000000000000e+00
2.000000000000000000e+00
1.000000000000000000e+00
0.000000000000000000e+00
0.000000000000000000e+00
0.000000000000000000e+00
0.000000000000000000e+00
0.000000000000000000e+00
0.000000000000000000e+00
0.000000000000000000e+00
0.000000000000000000e+00
0.000000000000000000e+00
0.000000000000000000e+00
