3
1
0
2
2
0
1
0
0
0
2
0
1
0
0
4
77
214
373
393
338
294
226
212
182
171
133
143
101
119
98
96
90
105
95
85
86
79
93
67
74
64
66
75
60
43
41
61
45
46
50
47
48
37
47
50
33
37
36
51
30
30
33
26
37
31
29
25
26
30
30
30
29
21
19
23
17
18
18
13
20
23
20
13
12
18
14
14
10
15
7
14
14
12
22
12
11
8
18
10
5
16
11
14
11
7
5
10
6
5
6
4
3
4
4
2
7
3
7
5
3
1
3
7
4
3
4
3
8
3
5
4
2
3
2
0
4
0
1
3
2
3
2
2
3
8
3
4
3
2
3
3
3
2
2
1
0
4
2
4
2
1
2
2
3
1
2
3
2
3
3
0
0
1
1
0
1
0
0
2
3
0
0
3
2
0
4
1
2
1
0
0
3
4
1
0
0
0
0
0
0
0
0
0
0
0
0
0
0
0
0
0
0
0
0
0
0
0
0
0
0
0
0
0
0
0
0
0
0
0
0
0
0
0
0
0
0
0
0
0
0
0
0
0
0
0
0
0
0
0
0
0
0
0
0
0
0
0
0
0
0
0
0
0
0
0
0
0
0
0
0
0
0
0
0
0
0
0
0
0
0
0
0
0
0
0
0
0
0
0
0
0
0
0
0
0
0
0
0
0
0
0
0
0
0
0
0
0
0
0
0
0
0
0
0
0
0
0
0
0
0
0
0
0
0
0
0
0
0
0
0
0
0
0
0
0
0
0
0
0
0
0
0
0
0
0
0
0
0
0
0
0
0
0
0
0
0
0
0
0
0
0
0
0
0
0
0
0
0
0
0
0
0
0
0
0
0
0
0
0
0
0
0
0
0
0
0
0
0
0
0
0
0
0
0
0
0
0
0
0
0
0
0
0
0
0
0
0
0
0
0
0
0
0
0
0
0
0
0
0
0
0
0
0
0
0
0
0
0
0
0
0
0
0
0
0
0
0
0
0
0
0
0
0
0
0
0
0
0
0
0
0
0
0
0
0
0
0
0
0
0
0
0
0
0
0
0
0
0
0
0
0
0
0
0
0
0
0
0
0
0
0
0
0
0
0
0
0
0
0
0
0
0
0
0
0
0
0
0
0
0
0
0
0
0
0
0
0
0
0
0
0
