3
3
5
3
2
1
1
1
0
1
2
1
1
2
4
9
57
226
367
346
312
256
204
180
157
129
118
84
101
104
88
85
87
71
69
80
69
64
59
67
55
76
55
56
46
61
59
44
46
53
53
44
59
47
45
51
39
38
46
31
29
29
33
34
40
28
31
31
27
30
26
32
28
29
19
29
23
27
23
24
28
25
19
15
18
14
18
21
20
21
15
15
13
22
16
14
10
8
7
12
9
9
13
16
5
5
10
10
8
9
15
8
6
14
5
7
9
5
11
5
9
4
6
6
8
6
5
10
3
4
1
5
1
2
3
4
6
5
3
5
1
2
7
1
5
4
3
0
5
3
3
3
4
3
1
3
3
5
6
2
3
3
3
3
5
7
6
5
3
1
1
3
0
2
0
2
0
4
4
3
1
3
2
9
2
3
0
1
1
0
3
2
0
0
2
2
0
0
0
0
0
0
0
0
0
0
0
0
0
0
0
0
0
0
0
0
0
0
0
0
0
0
0
0
0
0
0
0
0
0
0
0
0
0
0
0
0
0
0
0
0
0
0
0
0
0
0
0
0
0
0
0
0
0
0
0
0
0
0
0
0
0
0
0
0
0
0
0
0
0
0
0
0
0
0
0
0
0
0
0
0
0
0
0
0
0
0
0
0
0
0
0
0
0
0
0
0
0
0
0
0
0
0
0
0
0
0
0
0
0
0
0
0
0
0
0
0
0
0
0
0
0
0
0
0
0
0
0
0
0
0
0
0
0
0
0
0
0
0
0
0
0
0
0
0
0
0
0
0
0
0
0
0
0
0
0
0
0
0
0
0
0
0
0
0
0
0
0
0
0
0
0
0
0
0
0
0
0
0
0
0
0
0
0
0
0
0
0
0
0
0
0
0
0
0
0
0
0
0
0
0
0
0
0
0
0
0
0
0
0
0
0
0
0
0
0
0
0
0
0
0
0
0
0
0
0
0
0
0
0
0
0
0
0
0
0
0
0
0
0
0
0
0
0
0
0
0
0
0
0
0
0
0
0
0
0
0
0
0
0
0
0
0
0
0
0
0
0
0
0
0
0
0
0
0
0
0
0
0
0
0
0
0
0
0
0
0
0
0
0
0
0
0
0
0
0
0
0
0
0
0
0
0
0
0
0
0
0
0
0
0
0
