1
6
2
3
3
1
1
2
1
1
5
5
4
2
1
4
17
125
382
689
654
517
479
375
311
260
241
212
222
223
171
158
148
168
149
151
140
128
129
119
109
134
129
102
114
96
108
98
96
96
82
95
69
85
67
83
64
75
85
61
68
76
61
50
66
52
68
53
47
47
44
41
48
47
35
45
36
37
40
46
37
36
32
27
35
34
30
34
44
32
22
35
21
25
24
20
22
24
22
26
27
18
18
16
20
22
19
19
14
16
16
19
14
14
16
9
11
8
12
11
21
9
15
17
11
11
12
11
9
12
13
11
7
14
10
9
8
9
4
7
10
4
10
9
6
4
5
7
6
5
6
5
1
4
7
6
6
7
4
9
5
7
5
8
3
6
4
6
2
4
6
4
1
4
1
3
12
5
1
4
2
3
4
1
4
5
3
7
1
3
6
2
1
4
4
3
0
0
0
0
0
0
0
0
0
0
0
0
0
0
0
0
0
0
0
0
0
0
0
0
0
0
0
0
0
0
0
0
0
0
0
0
0
0
0
0
0
0
0
0
0
0
0
0
0
0
0
0
0
0
0
0
0
0
0
0
0
0
0
0
0
0
0
0
0
0
0
0
0
0
0
0
0
0
0
0
0
0
0
0
0
0
0
0
0
0
0
0
0
0
0
0
0
0
0
0
0
0
0
0
0
0
0
0
0
0
0
0
0
0
0
0
0
0
0
0
0
0
0
0
0
0
0
0
0
0
0
0
0
0
0
0
0
0
0
0
0
0
0
0
0
0
0
0
0
0
0
0
0
0
0
0
0
0
0
0
0
0
0
0
0
0
0
0
0
0
0
0
0
0
0
0
0
0
0
0
0
0
0
0
0
0
0
0
0
0
0
0
0
0
0
0
0
0
0
0
0
0
0
0
0
0
0
0
0
0
0
0
0
0
0
0
0
0
0
0
0
0
0
0
0
0
0
0
0
0
0
0
0
0
0
0
0
0
0
0
0
0
0
0
0
0
0
0
0
0
0
0
0
0
0
0
0
0
0
0
0
0
0
0
0
0
0
0
0
0
0
0
0
0
0
0
0
0
0
0
0
0
0
0
0
0
0
0
0
0
0
0
0
0
0
0
0
0
0
0
0
0
0
0
0
0
0
0
0
0
0
0
0
0
0
0
